-8.660804379378332030e+00 -3.312804279455176804e-02
-8.674116739235484985e+00 -1.168694838814410691e-01
-8.681677496416204676e+00 -2.017413174564574030e-01
-8.682614275724438002e+00 -2.894490118715993265e-01
-8.676187315535441869e+00 -3.817112218169425031e-01
-8.661793150390645124e+00 -4.802508755491316506e-01
-8.661480662141260112e+00 -5.840432830336322878e-01
-8.664472223852659027e+00 -6.915693356796598357e-01
-8.660976057713762444e+00 -8.025911806019498940e-01
-8.649786681645617037e+00 -9.187240900509008323e-01
-8.629765009565833367e+00 -1.041569084121050981e+00
-8.604473997010460451e+00 -1.168293143051041705e+00
-8.575010300339375391e+00 -1.299977459316699946e+00
-8.541311720501425953e+00 -1.432065663935157440e+00
-8.498355320630865961e+00 -1.566645306593495990e+00
-8.443282225347099157e+00 -1.706883346322053185e+00
-8.385276058410070732e+00 -1.861798464806239117e+00
-8.313239235959821727e+00 -2.016018874046174858e+00
-8.224775155191597520e+00 -2.170181263317163545e+00
-8.120085783823050463e+00 -2.324352154309065721e+00
-8.009245399305138235e+00 -2.478960278168563569e+00
-7.889694654672947394e+00 -2.630892369079170123e+00
-7.759056882291209156e+00 -2.779546626377463081e+00
-7.616084719906134559e+00 -2.924786946680487887e+00
-7.462404861130349509e+00 -3.068311699757022559e+00
-7.299625601935497698e+00 -3.209676348278167612e+00
-7.128119834080343331e+00 -3.345895279791103682e+00
-6.947002541736773118e+00 -3.476596867143016301e+00
-6.756796987918005648e+00 -3.602601519417087950e+00
-6.558219134658386018e+00 -3.730337651600196924e+00
-6.351916944697587830e+00 -3.851372262264145085e+00
-6.137446976241015761e+00 -3.965002403554464205e+00
-5.914203187705224352e+00 -4.070797092683504204e+00
-5.684654766205141208e+00 -4.173081590986956968e+00
-5.448047291262927416e+00 -4.268826992038132317e+00
-5.204715113369900337e+00 -4.355978792109954867e+00
-4.954287742786493531e+00 -4.434102944981784589e+00
-4.697303984412396716e+00 -4.504448124525159081e+00
-4.434328154133664768e+00 -4.567738489108558397e+00
-4.166862189115946968e+00 -4.617707983997877186e+00
-3.894797186021507596e+00 -4.653877763687456870e+00
-3.618040164425438743e+00 -4.675841209547924926e+00
-3.332388095273921547e+00 -4.685946117263934063e+00
-3.043427807416462905e+00 -4.675873520185989562e+00
-2.753156837942896562e+00 -4.642982944471619966e+00
-2.461679829062327851e+00 -4.586893491515327881e+00
-2.167260814274924563e+00 -4.508007233861551555e+00
-1.866282159167178545e+00 -4.396972618695305535e+00
-1.573553663270292446e+00 -4.238205149389315807e+00
-1.289190821616082783e+00 -4.031334770493077535e+00
-1.013330984808809010e+00 -3.776736312623571568e+00
-7.477010293582154743e-01 -3.462837131932837931e+00
-5.136433372440070144e-01 -3.091295410022372181e+00
-3.138686627901918214e-01 -2.656876180007408550e+00
-1.609012055770011607e-01 -2.139504307192524379e+00
-5.247685044436603552e-02 -1.606872039300755617e+00
6.425201141028970796e-03 -1.082942502763304171e+00
2.053453310446637370e-02 -5.398449427065298289e-01
