4.259121433368467713e+00 1.103553329304167996e-01
4.313756431047580442e+00 2.622757883875854734e-01
4.353133273470401576e+00 3.851101547668347447e-01
4.376794977699378641e+00 4.821167161580666161e-01
4.384670806740939675e+00 5.564357889862686646e-01
4.377076528013329693e+00 6.110736879857708859e-01
4.367543744884345713e+00 6.202807302247942411e-01
4.351114392664077180e+00 6.145873561443966349e-01
4.326341906135323434e+00 6.138758723595945099e-01
4.291754307253870415e+00 6.179253668024268231e-01
4.245956871151842726e+00 6.263208365633960995e-01
4.195155197890405141e+00 6.331283380632864999e-01
4.139212863728194414e+00 6.383326368081787550e-01
4.087205528394039611e+00 6.347850900406322161e-01
4.034093762504386227e+00 6.295279755478674355e-01
3.975394575764940264e+00 6.287393311726825473e-01
3.906692615151877046e+00 6.359861175057254234e-01
3.832931683168642412e+00 6.383117944148916090e-01
3.753767081197017852e+00 6.354961556581826265e-01
3.670263573001574020e+00 6.262121308847629075e-01
3.589225384493304194e+00 6.128397291606044739e-01
3.509366169573936212e+00 5.928834526928282722e-01
3.425850856273908285e+00 5.720258147863934717e-01
3.338456187125603769e+00 5.503579024189019231e-01
3.247854308784178023e+00 5.257557759104078965e-01
3.154858440981286982e+00 4.995511280228470685e-01
3.059585706356226620e+00 4.737033497734660648e-01
2.961893205755385061e+00 4.483845357625123595e-01
2.863379725501312034e+00 4.223117940790021008e-01
2.767351532894857247e+00 3.908917589411867732e-01
2.669577471326365359e+00 3.591475292813828823e-01
2.569962734992440101e+00 3.273183342922414418e-01
2.468364851421611217e+00 2.956159939234708767e-01
2.365672976957359896e+00 2.635810534938284322e-01
2.266481670695708495e+00 2.316304772184067107e-01
2.166755028966465435e+00 2.005797451992676339e-01
2.066323477338514625e+00 1.705274356466646712e-01
1.965641804913802693e+00 1.412641834042855093e-01
1.865456982212531534e+00 1.113790013458156036e-01
1.765652937158721070e+00 8.457196386393794896e-02
1.666038612964216847e+00 6.103558781026625912e-02
1.566417718441906581e+00 4.096309728081536095e-02
1.468846418719458313e+00 2.236823624897794904e-02
1.371826714691483984e+00 5.779646439400917823e-03
1.273174614079283895e+00 -9.561656960582884043e-03
1.172894844304885664e+00 -2.351453178347699680e-02
1.071093080536512865e+00 -3.634965196601480653e-02
9.686572078665723895e-01 -4.903564758858502265e-02
8.648993305061548620e-01 -5.861088518046195933e-02
7.596955193119433458e-01 -6.496735252568353047e-02
6.535976892387502790e-01 -6.934368987174691079e-02
5.448249627041170662e-01 -7.164885465204183512e-02
4.368674887950437791e-01 -6.846970604043170483e-02
3.312685343702852503e-01 -6.228776837625388946e-02
2.371370183230572803e-01 -7.351650559722962275e-02
1.481737517417210381e-01 -5.942199253537008841e-02
7.711740966410271514e-02 -2.276346852603935295e-02
2.977107980261439399e-02 2.574948306257295117e-05
